# Created by Octave 4.0.3, Tue Feb 18 11:50:21 2020 CET <koukimohamed@debian>
# name: Bin
# type: matrix
# rows: 45
# columns: 5
 -0 -0 -2.08746e-18 -0 -0
 -0 -0 -5.5921e-17 -0 -0
 -0 -0 3.43015e-18 -0 -0
 -0 -0 1.93398e-17 -0 -0
 -0 -0 2.15826e-20 -0 -0
 -0 -0 -0 -0 -0
 -0 -0 -4.35764e-14 -0 -0
 -0 -0 3.99795e-18 -0 -0
 -0 -0 1.23462e-16 -0 -0
 -0 -0 7.951520000000001e-18 -0 -0
 -0 -0 3.832e-17 -0 -0
 -0 -0 1.03483e-18 -0 -0
 -0 -0 -0 -0 -0
 -0 -0 1.37672e-13 -0 -0
 -0 -0 1.33024e-19 -0 -0
 -0 -0 5.2537e-18 -0 -0
 -0 -0 -4.0619e-18 -0 -0
 -0 -0 -2.19347e-17 -0 -0
 -0 -0 -5.36563e-19 -0 -0
 -0 -0 -0 -0 -0
 -0 -0 -2000 -0 -0
 -0 -0 -5.23619e-18 -0 -0
 -0 -0 -1.76332e-16 -0 -0
 -0 -0 4.42224e-19 -0 -0
 -0 -0 -1.22053e-17 -0 -0
 -0 -0 -2.71795e-19 -0 -0
 -0 -0 -0 -0 -0
 -0 -0 1.76811e-14 -0 -0
 -0 -0 -1.94703e-18 -0 -0
 -0 -0 -2.90859e-17 -0 -0
 -0 -0 -7.04982e-20 -0 -0
 -0 -0 -2.6082e-18 -0 -0
 -0 -0 -2.25577e-20 -0 -0
 -0 -0 -0 -0 -0
 -0 -0 3.49138e-15 -0 -0
 -0 -0 -0 -0 -0
 -0 -0 -0 -0 -0
 -0 -0 -0 -0 -0
 -0 -0 -0 -0 -0
 -0 -0 -0 -0 -0
 -0 -0 -0 -0 -0
 -0 -0 -0 -0 -0
 -0 -0 -0 -0 -0
 -0 -0 -0 -0 -0
 -0 -0 -0 -0 -0


# name: Cout
# type: matrix
# rows: 5
# columns: 45
 0 0 0 0 1 0 0 0 0 0 0 0 0 0 0 0 0 0 0 0 0 0 0 0 0 0 0 0 0 0 0 0 0 0 0 0 0 0 0 0 0 0 0 0 0
 0 0 0 0 0 0 0 0 0 0 0 1 0 0 0 0 0 0 0 0 0 0 0 0 0 0 0 0 0 0 0 0 0 0 0 0 0 0 0 0 0 0 0 0 0
 0 0 0 0 0 0 0 0 0 0 0 0 0 0 0 0 0 0 1 0 0 0 0 0 0 0 0 0 0 0 0 0 0 0 0 0 0 0 0 0 0 0 0 0 0
 0 0 0 0 0 0 0 0 0 0 0 0 0 0 0 0 0 0 0 0 0 0 0 0 0 1 0 0 0 0 0 0 0 0 0 0 0 0 0 0 0 0 0 0 0
 0 0 0 0 0 0 0 0 0 0 0 0 0 0 0 0 0 0 0 0 0 0 0 0 0 0 0 0 0 0 0 0 1 0 0 0 0 0 0 0 0 0 0 0 0


# name: Adiff
# type: matrix
# rows: 45
# columns: 45
 -0.0699553 0.859442 0.00310052 0.00747668 0.135796 -1.46626 -0.0262584 0.0462292 0.025841 0.00407133 0.0084434 -0 0.0179989 0.0169237 0.0121534 0.00737119 0.00116588 0.00252691 -0 0.00420011 0.00395904 0.00402845 0.00217296 -4.82543e-05 0.00335863 -0 0.00128929 0.00357205 0.00261186 0.000419379 0.000304614 0.000963607 -0 0.00169859 0.00180453 -0 -0 -0 -0 -0 -0 -0 -0 -0 -0
 -1.87404 -14.1827 0.08305990000000001 0.200293 -0 10.8211 -0.703439 1.23844 0.692256 0.109067 0.226191 -0 0.482173 0.45337 0.325578 0.197467 0.0312329 0.06769360000000001 -0 0.112517 0.106059 0.107918 0.0582115 -0.00129269 0.0899746 -0 0.0345389 0.09569179999999999 0.0699692 0.0112348 0.00816031 0.0258141 -0 0.0455037 0.0483416 -0 -0 -0 -0 -0 -0 -0 -0 -0 -0
 0.0763741 -0.0343006 -5.39924 4.3904 -0 -0.0161213 -0.314087 -0.08172889999999999 -0.0349044 0.0673897 0.139757 -0 -0.0243118 0.222713 -0.0182334 -0.0110586 0.0167127 0.0362228 -0 -0.0063012 0.0567507 -0.0125004 -0.00674215 -0.000309322 0.0215297 -0 -0.00400035 0.0228964 -0.008479159999999999 -0.00136143 0.00198203 0.0062699 -0 -0.00551416 0.0117411 -0 -0 -0 -0 -0 -0 -0 -0 -0 -0
 0.43061 -0.193393 10.2652 -13.6341 -0 -0.09089460000000001 -1.77088 -0.460802 -0.196797 0.379955 0.787975 -0 -0.137074 1.25569 -0.102803 -0.0623504 0.09422899999999999 0.20423 -0 -0.0355273 0.319971 -0.0704795 -0.0380134 -0.00174401 0.121388 -0 -0.0225547 0.129094 -0.047807 -0.007676 0.011175 0.0353508 -0 -0.0310898 0.0661986 -0 -0 -0 -0 -0 -0 -0 -0 -0 -0
 -2.60946 -0.0346299 -0.0182248 -0.0439479 -0 -0.0162761 -0.0819589 -0.00180482 0.00147255 0.01701 0.0352764 -0 0.00102567 0.0574915 0.000274227 0.00016637 0.00427595 0.009267610000000001 -0 9.47979e-05 0.0145197 -0.00139532 -0.0007525020000000001 -8.89543e-05 0.00619147 -0 -0.000446485 0.00658458 -0.000990863 -0.00015909 0.000568303 0.00179776 -0 -0.000644356 0.00336653 -0 -0 -0 -0 -0 -0 -0 -0 -0 -0
 225.909 -0 -0 -0 -0 -0 -0.5 -81.61879999999999 -0 -0 -0 -0 -0 -0 -120.242 -0 -0 -0 -0 -0 -0 -5.82987 -0 -0 -0 -0 -0 -0 -18.2185 -0 -0 -0 -0 -0 -0 -0 -0 -0 -0 -0 -0 -0 -0 -0 -0
 -3506.61 -2134.81 232.265 560.09 -100.5 -1003.36 -273.809 969.476 533.636 28.1064 58.289 -0 371.69 160.918 252.372 153.067 10.0338 21.7472 -0 87.2175 34.0733 88.6109 47.7965 -0.708917 49.3426 -0 28.3593 52.479 57.7387 9.270910000000001 4.4526 14.0852 -0 37.5496 26.3774 -0 -0 -0 -0 -0 -0 -0 -0 -0 -0
 0.0664255 0.0363335 -0.008745879999999999 -0.0210901 -0 0.0170767 -0.0122333 -0.115309 0.675284 0.00470534 0.00975825 0.112623 -1.32563 0.00485497 0.0328418 0.0199189 0.000848332 0.00183866 -0 0.0113498 0.00288087 0.007814410000000001 0.00421504 -3.71853e-05 0.0025882 -0 0.00250093 0.00275282 0.00568318 0.000912527 0.000294692 0.000932222 -0 0.00369597 0.0017458 -0 -0 -0 -0 -0 -0 -0 -0 -0 -0
 2.05131 1.12203 -0.270085 -0.65129 -0 0.527353 -0.37778 -3.56091 -19.6681 0.145307 0.301348 -0 14.5251 0.149928 1.0142 0.615123 0.0261976 0.0567802 -0 0.350498 0.088965 0.241319 0.130166 -0.00114833 0.079927 -0 0.077232 0.0850108 0.175504 0.0281801 0.009100499999999999 0.0287883 -0 0.114137 0.0539127 -0 -0 -0 -0 -0 -0 -0 -0 -0 -0
 0.0646436 0.157319 0.120577 0.290762 -0 0.07394000000000001 0.505504 -0.0455463 -0.06340999999999999 -7.56848 5.90327 -0 -0.0441666 -0.873691 -0.0183187 -0.0111097 0.0740803 0.16056 -0 -0.0063303 0.251553 -0.0130919 -0.00706029 -0.00100281 0.0697984 -0 -0.00418911 0.0742302 -0.0122866 -0.0019727 0.00715654 0.0226388 -0 -0.007989960000000001 0.0423942 -0 -0 -0 -0 -0 -0 -0 -0 -0 -0
 0.311531 0.758153 0.581083 1.40124 -0 0.356332 2.43613 -0.219497 -0.305586 13.7179 -19.8333 -0 -0.212848 -4.2105 -0.0882817 -0.0535398 0.357008 0.773773 -0 -0.030507 1.21228 -0.0630926 -0.034025 -0.00483275 0.336373 -0 -0.0201882 0.357731 -0.0592117 -0.009506870000000001 0.0344889 0.109101 -0 -0.0385053 0.204306 -0 -0 -0 -0 -0 -0 -0 -0 -0 -0
 0.0102246 0.01819 0.0119873 0.0289066 -0 0.008549309999999999 0.0515605 -2.29942 -0.0112827 -0.026293 -0.0545283 -0 -0.00785864 -0.0899848 -0.000138204 -8.37351e-05 0.00769711 0.0166826 -0 -4.77123e-05 0.0261369 -0.000934935 -0.000504154 -0.000105567 0.00734775 -0 -0.000299132 0.0078143 -0.000965577 -0.000155027 0.000754942 0.00238817 -0 -0.000627901 0.00447216 -0 -0 -0 -0 -0 -0 -0 -0 -0 -0
 -88.25069999999999 -0 -0 -0 -0 -0 -0 232.541 -0 -0 -0 -0 -0 -0.5 -120.242 -0 -0 -0 -0 -0 -0 -5.82987 -0 -0 -0 -0 -0 -0 -18.2185 -0 -0 -0 -0 -0 -0 -0 -0 -0 -0 -0 -0 -0 -0 -0 -0
 904.674 484.227 -130.345 -314.319 -0 227.587 -211.63 -3665.35 -1985.5 115.446 239.42 -100.5 -1382.95 142.553 451.659 273.937 5.17981 11.2266 -0 156.089 17.5918 108.228 58.3774 -0.422333 29.3956 -0 34.6373 31.266 78.9516 12.677 3.41578 10.8054 -0 51.345 20.2358 -0 -0 -0 -0 -0 -0 -0 -0 -0 -0
 0.00995557 0.00444222 -0.00237271 -0.00572163 -0 0.00208784 -0.00608985 0.0209671 0.0111427 -0.00214847 -0.00445565 -0 0.00776115 -0.00585569 -0.0395939 0.591879 0.00353306 0.00765748 0.110543 -1.16816 0.0119967 0.00363657 0.00196151 1.99689e-06 -0.000138989 -0 0.00116383 -0.000147689 0.00330307 0.00053036 1.63622e-05 5.17598e-05 -0 0.0021481 9.69758e-05 -0 -0 -0 -0 -0 -0 -0 -0 -0 -0
 0.393189 0.175442 -0.09370879999999999 -0.225972 -0 0.082458 -0.240514 0.82808 0.440073 -0.0848526 -0.175973 -0 0.306521 -0.231266 -1.56373 -16.8322 0.139536 0.302427 -0 13.3196 0.473801 0.143624 0.0774687 7.88658e-05 -0.00548928 -0 0.0459648 -0.00583287 0.130453 0.0209462 0.000646214 0.00204422 -0 0.0848376 0.00382999 -0 -0 -0 -0 -0 -0 -0 -0 -0 -0
 0.0392093 0.0382046 0.0125748 0.0303232 -0 0.0179562 0.0638735 0.0410611 0.0284221 0.041463 0.0859887 -0 0.0197967 0.143221 -0.068275 -0.0414105 -4.51325 3.47343 -0 -0.0235957 -0.260312 0.00286927 0.0015482 -0.000420185 0.0292461 -0 0.000918598 0.0311033 0.000383093 6.1566e-05 0.00373334 0.01181 -0 0.000249358 0.0221158 -0 -0 -0 -0 -0 -0 -0 -0 -0 -0
 0.211735 0.206309 0.0679053 0.163749 -0 0.0969655 0.344924 0.221735 0.153483 0.223905 0.464349 -0 0.106904 0.773411 -0.368693 -0.223621 8.654170000000001 -12.0693 -0 -0.12742 -1.40572 0.0154944 0.00836043 -0.00226905 0.157932 -0 0.00496053 0.167961 0.00206875 0.000332463 0.0201605 0.0637751 -0 0.00134656 0.119428 -0 -0 -0 -0 -0 -0 -0 -0 -0 -0
