(-0.563612,6.99166)
ROT: 0.505527
SMD: 0.00113168
SMQ: 0.00516422
AVR: 0.000769202
GOV: 0
INJ: 0
OTH: 0
